Shape, Guitar
279, 316
248, 324
235, 367
261, 391
297, 389
316, 365
315, 340
306, 351
274, 331
429, 119
423, 110
465, 57
515, 96
475, 151
463, 141
375, 263
396, 324
370, 384
340, 409
329, 467
281, 525
194, 536
125, 484
114, 403
150, 341
204, 310
234, 250
282, 222
338, 232

Shape, Laptop
77, 137
93, 126
392, 131
404, 346
577, 352
577, 367
231, 468
94, 416
400, 357
527, 365
242, 435
146, 405
119, 391
106, 150
377, 149
389, 342
92, 401
80, 148

Shape, Pineapple
241, 269
181, 133
249, 217
245, 71
279, 175
300, 37
318, 213
374, 117
356, 211
414, 158
361, 268
402, 303
382, 316
430, 351
408, 366
438, 404
413, 421
428, 452
404, 470
400, 497
370, 512
225, 514
201, 495
191, 470
169, 453
185, 422
155, 401
187, 364
162, 351
211, 315
193, 304
234, 271

Shape, Duck
266, 256
322, 250
377, 228
385, 185
372, 143
412, 110
457, 125
468, 149
545, 151
553, 159
527, 174
486, 179
527, 184
491, 193
468, 190
458, 223
461, 319
415, 397
310, 420
310, 458
405, 474
384, 474
383, 488
362, 487
333, 498
291, 465
293, 419
267, 418
265, 483
324, 507
305, 507
302, 524
280, 529
259, 540
247, 488
252, 416
177, 394
117, 325
73, 213
97, 253
93, 197
261, 257

Shape, Boba Tea
167, 234
226, 158
296, 142
322, 48
357, 57
334, 153
377, 193
403, 233
370, 520
344, 536
226, 540
200, 520
214, 512
220, 500
239, 500
239, 521
223, 523
258, 523
256, 512
262, 500
279, 501
281, 519
268, 524
313, 525
293, 519
296, 500
316, 499
320, 516
347, 525
361, 514
360, 499
339, 500
333, 518
340, 524
326, 498
332, 483
325, 463
308, 466
301, 484
318, 491
348, 483
364, 475
360, 456
337, 457
338, 474
323, 461
277, 465
268, 476
287, 499
297, 486
298, 466
288, 464
259, 469
251, 463
237, 468
236, 484
257, 488
261, 483
229, 489
213, 481
212, 463
224, 463
235, 473
212, 474
201, 516
179, 298
281, 317
389, 306
391, 233
161, 230
176, 301

Shape, Flower
269, 225
299, 219
341, 245
334, 295
297, 313
265, 304
244, 264
260, 222
242, 132
298, 99
342, 123
334, 207
402, 166
446, 188
458, 242
411, 273
362, 280
425, 330
413, 390
356, 400
322, 361
320, 479
392, 432
497, 425
436, 502
356, 509
316, 488
302, 549
262, 550
285, 465
287, 386
285, 354
252, 406
198, 405
170, 363
236, 284
165, 280
134, 255
140, 200
171, 177
258, 216

